0.48380639040050255       0.25                     0.5282984897508325
0.4892038888745842        0.25                     0.5223943398726342
0.4946017587283063        0.25                     0.516494781455346
0.4946019444372921        0.25                     0.5164945753892258
0.4946021301335009        0.25                     0.5164943695092128
0.5                       0.25                     0.5105955976219189
0.45141772947674275       0.25                     0.5637163598778232
0.4514220526047569        0.25                     0.5637117069458321
0.45141340097005805       0.25                     0.5637210124390015
0.4784077495600857        0.25                     0.534204970990475
0.48380527619757147       0.25                     0.5282997268155075
0.4730099820904929        0.25                     0.5401102408857399
0.4730096658171389        0.25                     0.5401105817909522
0.4730093494926055        0.25                     0.540110922737396
0.46761158207419207       0.25                     0.5460175153600735
0.45681568021748375       0.25                     0.5578215773841125
0.4622116872907021        0.25                     0.5519235313631464
0.46221363114583786       0.25                     0.5519214384888075
0.4622155741437979        0.25                     0.5519193446224617
0.48380583330790283       0.25                     0.528299108151078
0.4190332338524513        0.25                     0.5989292364036061
0.4190587416880934        0.25                     0.5989020040557128
0.4190076743898131        0.25                     0.5989564462053891
0.4460202922232374        0.25                     0.5696070969609068
0.4406345845053714        0.25                     0.5754750621338309
0.4406228547510406        0.25                     0.5754876613095293
0.4406111088777045        0.25                     0.5755002558984792
0.4352254172788439        0.25                     0.5813649318132107
0.4244306263467169        0.25                     0.5930867239381721
0.4298092053874929        0.25                     0.5872497824828271
0.4298280218127804        0.25                     0.5872296739122317
0.42984681481843584       0.25                     0.5872095400049321
0.3866501579771365        0.25                     0.6337135597792358
0.3867141987427494        0.25                     0.6336461426086819
0.38658565771128683       0.25                     0.6337811903398521
0.4136363180922539        0.25                     0.6047638026727584
0.40827656918065386       0.25                     0.6105404591326743
0.40823940279797377       0.25                     0.6105799745319633
0.4082021559256           0.25                     0.6106194493740493
0.4028424875036936        0.25                     0.6163888130709996
0.39204758677358575       0.25                     0.6279566309610259
0.3973948908891707        0.25                     0.6222309261180985
0.3974450371386397        0.25                     0.6221780552455821
0.39749505288506604       0.25                     0.6221251222902767
0.35428755123010575       0.25                     0.6678781078612683
0.35447348505801907       0.25                     0.6676859309961028
0.35409612726604656       0.25                     0.66807506811878
0.3812549533187852        0.25                     0.6394576264968219
0.37596184544790273       0.25                     0.6450706042971598
0.375859761111467         0.25                     0.645177456408507
0.3757569516781591        0.25                     0.6452846125219968
0.3704645689041489        0.25                     0.6508867399040001
0.359679773011197         0.25                     0.6622360538038394
0.36492831833887746       0.25                     0.6567167381552547
0.36507217095767297       0.25                     0.6565677693428463
0.36521486538241543       0.25                     0.6564193146854088
0.32193499542833476       0.25                     0.7013247703554072
0.3223709087377152        0.25                     0.700883506372741
0.32149320526014313       0.25                     0.7017696231782816
0.3488987866827329        0.25                     0.6735038277223013
0.3438567612021246        0.25                     0.6787462578490387
0.3435099768604188        0.25                     0.6791023376934783
0.3431525101360364        0.25                     0.6794676777206782
0.3381211670381046        0.25                     0.6846876508148426
0.32732967912502203       0.25                     0.6958031080832207
0.3322901065220487        0.25                     0.6906942441829184
0.33272542308156333       0.25                     0.6902526301533897
0.3331605942254287        0.25                     0.6898088153287729
0.3165334547762215        0.25                     0.7068389308381361
0.31149778203271566       0.25                     0.7119571350182743
0.31113211283521786       0.25                     0.7123245151098117
0.31077195679021197       0.25                     0.7126843034023145
0.3057307708942141        0.25                     0.7177957589375801
0.2898741921742774        0.25                     0.7337106123701809
0.29475016198232495       0.25                     0.7288449162555084
0.3002393587079039        0.25                     0.7233284005744551
0.3002404664382695        0.25                     0.7233273043951112
0.300241714017558         0.25                     0.723326060987458
0.25782486723751397       0.25                     0.7653492178137367
0.2590353459853653        0.25                     0.7641813517204705
0.2565545252643233        0.25                     0.7665774012179238
0.27597451721195804       0.25                     0.7475414051815028
0.27804115295605714       0.25                     0.7454848100257452
0.27241939122081105       0.25                     0.7510390064251193
0.2797103075018077        0.25                     0.7438114407603013
0.2836629146913032        0.25                     0.7399085399527928
0.28855676908063504       0.25                     0.7350400949898654
0.2627387442126114        0.25                     0.7605493847158755
0.26682832504066006       0.25                     0.756548113177142
0.2675790677167112        0.25                     0.755801832797197
0.26880976915052746       0.25                     0.7545812840936053
0.28926716901755034       0.25                     0.7343255101886219
0.2415638820662442        0.25                     0.7811063756174544
0.24297310658501234       0.25                     0.77976599866245
0.23742539968193266       0.25                     0.785108976378445
0.23627821635934942       0.25                     0.7861951722280507
0.24871933628576834       0.25                     0.7741976695872456
0.25316587191631296       0.25                     0.7698942583350431
0.2468602510692578        0.25                     0.7760076809732075
0.24806948925066266       0.25                     0.7748350126243937
0.20944322011532412       0.25                     0.8117353204572362
0.21087116521768187       0.25                     0.8104038283058815
0.21266191468821777       0.25                     0.8087227868783786
0.21663072720708235       0.25                     0.8049609317007902
0.22016685329251157       0.25                     0.8015810729540825
0.22462670080609565       0.25                     0.7973687343387135
0.22790570080215022       0.25                     0.7942329509491439
0.22226821400461627       0.25                     0.7996051709953617
0.2325746982112371        0.25                     0.7897684185130807
0.22970666273338142       0.25                     0.7924888107973362
0.17823040588214703       0.25                     0.840905871039997
0.1835245008432565        0.25                     0.8360038669622427
0.1885677137050185        0.25                     0.8313078321619233
0.18892593830325882       0.25                     0.8309791477494598
0.1893179517926295        0.25                     0.8306174139598803
0.19432737576326115       0.25                     0.8259438097526566
0.20535836796519868       0.25                     0.8156014809872019
0.20081698958287247       0.25                     0.8198734666400488
0.19984287186422992       0.25                     0.8207798100990907
0.19896667822377967       0.25                     0.821589976067093
0.14593356816663128       0.25                     0.8705235253951885
0.15105048961728912       0.25                     0.8658700800540211
0.15615094985131642       0.25                     0.8612143740573331
0.15645190922380683       0.25                     0.860936438098237
0.15675383991206096       0.25                     0.8606565851179944
0.16185332883032452       0.25                     0.8559936959874905
0.17270007227471598       0.25                     0.8460191361347358
0.17800943231705524       0.25                     0.8411129130807622
0.16751888572878437       0.25                     0.8507859704508851
0.16727670055252028       0.25                     0.8510118774391537
0.16702852413842975       0.25                     0.8512423696011788
0.17812301277394046       0.25                     0.8410067513326933
0.11342219011130872       0.25                     0.8998683959299113
0.11864570104266504       0.25                     0.8951855274312874
0.12382634299299296       0.25                     0.890527328673593
0.12403395654704291       0.25                     0.890338451781384
0.124243288069946         0.25                     0.8901474558800252
0.1294222120514208        0.25                     0.8854844851980199
0.1402398009463236        0.25                     0.8756995485053665
0.14536470666218257       0.25                     0.8710469510256488
0.13508113449832643       0.25                     0.8803671429328557
0.1348310064988722        0.25                     0.8805964927932095
0.13458251545433159       0.25                     0.8808235877094983
0.145648245507354         0.25                     0.8707865241451381
0.08099182808403148       0.25                     0.9287673879423594
0.0863210617750992        0.25                     0.9240419392061849
0.09161918203953323       0.25                     0.9193335462060004
0.09170824846593514       0.25                     0.9192534549838669
0.09179783793854687       0.25                     0.919172715319295
0.09709543515677113       0.25                     0.9144602460455002
0.10786994041781903       0.25                     0.9048430893942531
0.11309355429432218       0.25                     0.9001665072818006
0.10260795893514343       0.25                     0.9095417137760025
0.10248268778729507       0.25                     0.9096550415925562
0.1023583300508833        0.25                     0.9097672522189556
0.11325723498912413       0.25                     0.9000182370168218
0.048589569286025744      0.25                     0.9573730353432771
0.05397039407250344       0.25                     0.9526378721329991
0.05933886733200042       0.25                     0.947906602415183
0.05936441332403773       0.25                     0.9478838188305388
0.05939001809107396       0.25                     0.9478609495549947
0.06475843257557204       0.25                     0.9431270352563237
0.07554202336820741       0.25                     0.9335963494724262
0.08087601448944291       0.25                     0.9288713081505765
0.07019076621460055       0.25                     0.9383277727281322
0.07015022797188973       0.25                     0.9383640771940166
0.07010982052734292       0.25                     0.9384001972204047
0.08093382934063284       0.25                     0.9288194840091621
0.04317983648064114       0.25                     0.9621311288824328
0.048563182468487474      0.25                     0.9573965371667398
0.037791162619508635      0.25                     0.9668653279895014
0.037783303192885094      0.25                     0.9668723200886439
0.03777545153701002       0.25                     0.9668792978749945
0.03238676990512905       0.25                     0.9716106218232488
0.01619511655231868       0.25                     0.9858102310597702
0.021591814263959355      0.25                     0.9810798233016381
0.026985574927078683      0.25                     0.9763489376340492
0.026989292084544203      0.25                     0.9763456376431877
0.026993011266102474      0.25                     0.9763423337506979
0.04857637065976219       0.25                     0.9573847983610677
0.01619433637652575       0.25                     0.9858109234674448
0.010796224245825563      0.25                     0.9905416488191825
0.016193556260009342      0.25                     0.9858116155251375
0.0053983721842110165     0.25                     0.9952711103383509
0.0053981121229127816     0.25                     0.9952713410203083
0.005397852086669737      0.25                     0.9952715716305408
0                         0.25                     1
0.9838061114000933        0.25                     0.5010253468257186
0.9892035306090032        0.25                     0.5010221924901326
0.99460149344826          0.25                     0.5010206576310293
0.9946017653045016        0.25                     0.5010206575313807
0.9946020371333645        0.25                     0.5010206575133114
1                         0.25                     0.5010198498188856
0.9838052959089744        0.25                     0.5010253472333368
0.983804480148099         0.25                     0.5010253478869237
0.9784070374381746        0.25                     0.5010292307627786
0.9730115510123556        0.25                     0.5010347476527782
0.9730087789671706        0.25                     0.5010347502469745
0.9730060059169033        0.25                     0.5010347536826484
0.9676105204961667        0.25                     0.5010409957753388
0.9514192081221312        0.25                     0.5010678565679726
0.9568140611974933        0.25                     0.5010575415201454
0.9622086647688404        0.25                     0.5010488951343166
0.9622122908468299        0.25                     0.5010488890287281
0.962215917092528         0.25                     0.501048884044209
0.9514158315984474        0.25                     0.5010678627170314
0.9514124510328804        0.25                     0.5010678699333718
0.9460179131553949        0.25                     0.5010789424489268
0.9406310702683682        0.25                     0.5010917141912518
0.9406199944496076        0.25                     0.5010917394005472
0.9406089028092757        0.25                     0.5010917681771235
0.9352220757438204        0.25                     0.5011052922046499
0.9190656601990598        0.25                     0.5011544938684662
0.924428798441985         0.25                     0.501136703682034
0.9298042779158465        0.25                     0.5011206507522395
0.9298254370929027        0.25                     0.5011205858158851
0.9298465476919127        0.25                     0.501120528011943
0.9190321635718883        0.25                     0.501154601583877
0.9189985367218922        0.25                     0.5011547210931019
0.9136391505147163        0.25                     0.5011733114917137
0.9083042722965718        0.25                     0.5011936644300733
0.9082461444833778        0.25                     0.5011938799421989
0.9081877496358206        0.25                     0.5011941166674205
0.9028531384520391        0.25                     0.5012152704482625
0.8868110081251132        0.25                     0.5012883010477722
0.8920769209042982        0.25                     0.5012627362619935
0.8973768453492329        0.25                     0.5012389426399413
0.8974650296781687        0.25                     0.5012385390811058
0.8975526480941465        0.25                     0.5012381701227093
0.8866888264090497        0.25                     0.5012888799352282
0.8865650387670378        0.25                     0.5012895129855127
0.8813110330558689        0.25                     0.5013159050907969
0.876124729511165         0.25                     0.5013439643383437
0.8759334163805138        0.25                     0.5013449755219173
0.8757396058423532        0.25                     0.5013460749149246
0.8705557997051585        0.25                     0.5013749851440843
0.8547494833505604        0.25                     0.5014735432610028
0.859781491360673         0.25                     0.5014404124348638
0.86489522137709          0.25                     0.5014088594430439
0.8651686455329157        0.25                     0.5014071469243827
0.8654377001247412        0.25                     0.5014055730992569
0.8543948075072372        0.25                     0.501475829833512
0.8540279534314085        0.25                     0.5014783516256605
0.8490386594942043        0.25                     0.5015121664969185
0.8442081113385898        0.25                     0.5015470293680677
0.843682326443992         0.25                     0.5015507470129091
0.8431392627372696        0.25                     0.5015548256047679
0.8383259933937799        0.25                     0.5015904878308948
0.8232736994326243        0.25                     0.5017130822063647
0.827667001635639         0.25                     0.5016754722794614
0.8322502011713334        0.25                     0.5016384034711577
0.8329964975147095        0.25                     0.5016322937869114
0.8337118722968722        0.25                     0.5016267754522186
0.8223367925429442        0.25                     0.5017209505454817
0.8213351707926244        0.25                     0.5017298528886276
0.8170273530516601        0.25                     0.5017676972977787
0.8129136915463518        0.25                     0.5018059077192724
0.8117225097761157        0.25                     0.5018167689324068
0.810475106712953         0.25                     0.5018287709780529
0.8064176665005713        0.25                     0.5018673677618666
0.792106044804856         0.25                     0.502015319344072
0.7957536585159943        0.25                     0.5019757366431301
0.7995769719538572        0.25                     0.5019363373388189
0.8010856625082828        0.25                     0.5019206332462025
0.802525021441738         0.25                     0.5019064376647956
0.7904316812737651        0.25                     0.502033169468491
0.78837781290329          0.25                     0.5020562505191722
0.7744434441194243        0.25                     0.5022187723312741
0.7769434881672492        0.25                     0.5021888440553839
0.7797282176453665        0.25                     0.5021551107123556
0.7821213458786427        0.25                     0.5021275128369078
0.7850129911713086        0.25                     0.5020936720467937
0.7674379265346751        0.25                     0.5023071355183588
0.7704949896325801        0.25                     0.5022677472753861
0.7731865445202143        0.25                     0.5022345328206351
0.7610535507695084        0.25                     0.5023910173096946
0.763046244717378         0.25                     0.5023645513040238
0.7662620672765743        0.25                     0.5023222321771141
0.7481299678382464        0.25                     0.5025726241317272
0.7483732115664627        0.25                     0.5025691392429066
0.7515975368600453        0.25                     0.502522172423742
0.7532434106260291        0.25                     0.5024990530133733
0.7559333301497791        0.25                     0.502461053105397
0.7582944073672953        0.25                     0.50242865889787
0.7478833755884846        0.25                     0.502576273666242
0.7444726184455197        0.25                     0.5026266868212944
0.7429461328003881        0.25                     0.5026498885103181
0.7302112468003761        0.25                     0.5028508288961729
0.7332763750500111        0.25                     0.5028013503590549
0.7275195354278778        0.25                     0.5028961026745856
0.7260115924183345        0.25                     0.5029210674944437
0.7353330345185325        0.25                     0.5027682899424362
0.7393863232808031        0.25                     0.5027045470735212
0.7230775718700981        0.25                     0.5029718486408286
0.7205859856261936        0.25                     0.5030144879913703
0.7151603788340526        0.25                     0.503111153014118
0.7182453602626016        0.25                     0.5030565198086725
0.7118764285660453        0.25                     0.5031720820882513
0.7094616307452417        0.25                     0.5032165408866175
0.7041852221850983        0.25                     0.503317147148313
0.7075939602585735        0.25                     0.5032525840239707
0.7005026206948155        0.25                     0.503390244108142
0.6988589225477624        0.25                     0.5034226367943978
0.6973374610293372        0.25                     0.5034540032365423
0.6935326229104267        0.25                     0.503530966113334
0.6781275426201117        0.25                     0.5038666514497994
0.6828852706072381        0.25                     0.503759078422538
0.6871688416054518        0.25                     0.5036664500971738
0.6882089467588324        0.25                     0.5036435361096772
0.6893641832192196        0.25                     0.5036192248800141
0.67756255025953          0.25                     0.5038793454633014
0.6722014236511309        0.25                     0.5040031594908185
0.6770521720254263        0.25                     0.5038913470753895
0.6670129430174261        0.25                     0.5041283489176771
0.666844097708165         0.25                     0.5041323995241968
0.6666862429974653        0.25                     0.5041363566001381
0.6614867717651991        0.25                     0.5042640392051025
0.6453901856817897        0.25                     0.5046887663091465
0.6506822732763979        0.25                     0.5045441588998344
0.6560587777689905        0.25                     0.5044033897892236
0.6560845225207985        0.25                     0.5044027022091045
0.6561098630523383        0.25                     0.5044020543873743
0.6452782827830614        0.25                     0.5046918149668036
0.6398995726394257        0.25                     0.5048416056616376
0.6451666289212427        0.25                     0.5046949868384697
0.6346496949152238        0.25                     0.5049940670976644
0.6345205992849938        0.25                     0.5049978069520181
0.6343910812303115        0.25                     0.5050017149825806
0.6291416259305618        0.25                     0.5051568540218626
0.6131820671873568        0.25                     0.5056611722204681
0.618424152600624         0.25                     0.5054900518835571
0.6236525120148527        0.25                     0.5053260362747379
0.6237828892655929        0.25                     0.5053218608287819
0.6239136087954071        0.25                     0.5053178408510282
0.6130651509660139        0.25                     0.5056649860525805
0.6076941315696058        0.25                     0.5058434837681192
0.6129486967179828        0.25                     0.5056689368527211
0.6024119747803869        0.25                     0.5060260130365949
0.6023230319214914        0.25                     0.50602908627194
0.602234553660584         0.25                     0.5060322618092402
0.5969519322733767        0.25                     0.5062178415237368
0.5808721982067644        0.25                     0.5068189436235596
0.5862060095967898        0.25                     0.5066134835212708
0.5915163075601035        0.25                     0.5064163238609973
0.5915789709350834        0.25                     0.5064139470941563
0.5916419117767299        0.25                     0.506411647449644
0.5808330082482325        0.25                     0.5068204558895031
0.57544968606201          0.25                     0.5070312346461622
0.5807939010047787        0.25                     0.5068220202124436
0.5700908195864851        0.25                     0.5072487110366108
0.5700663237982093        0.25                     0.5072497076058835
0.5700418949832097        0.25                     0.5072507364985532
0.5646829615344089        0.25                     0.5074715875668823
0.5485309639185306        0.25                     0.5081756705149982
0.5539101236338979        0.25                     0.5079347659009303
0.5592827309749189        0.25                     0.507702010780031
0.5592965425841533        0.25                     0.5077013992586981
0.5593103710378785        0.25                     0.5077008072120915
0.548523703748477         0.25                     0.5081759970487274
0.5431346251013944        0.25                     0.508420886052201
0.5485164429798924        0.25                     0.5081763342615688
0.5377512991654928        0.25                     0.5086734315984598
0.5377455421045079        0.25                     0.5086737030409013
0.5377397866562764        0.25                     0.5086739828803626
0.5323564591076213        0.25                     0.5089300716874008
0.5161850524591486        0.25                     0.5097380834733493
0.5215743212870749        0.25                     0.5094623805433405
0.526961455630273         0.25                     0.5091946723454824
0.5269653901973482        0.25                     0.5091944724876176
0.5269693263233736        0.25                     0.5091942783121565
0.5161832525727493        0.25                     0.5097381761655878
0.5107888353008656        0.25                     0.5100176461114836
0.5161814519321019        0.25                     0.5097382715090075
0.5053950181238173        0.25                     0.5103048263971249
0.5053944176504328        0.25                     0.5103048586067706
0.5053938173107005        0.25                     0.5103048916711084
