0.5                       0                        1
0.5                       0.006666666666666663     0.9869918723748582
0.5                       0.013333333333333326     0.9739834992843275
0.5                       0.01999999999999999      0.960974880728407
0.5                       0.03333333333333332      0.9349558599474143
0.5                       0.03999999999999998      0.9219452165431526
0.5                       0.026666666666666655     0.9479657480091657
0.5                       0.04666666666666665      0.9089335595236318
0.5                       0.053333333333333316     0.8959206323986744
0.5                       0.059999999999999984     0.8829064351682796
0.5                       0.06666666666666665      0.8698907075042629
0.5                       0.07333333333333332      0.8568731844688287
0.5                       0.07999999999999999      0.843853866061976
0.5                       0.08666666666666664      0.8308324851221487
0.5                       0.0933333333333333       0.8178087659643434
0.5                       0.09999999999999996      0.8047827085885595
0.5                       0.10666666666666663      0.7917540352686692
0.5                       0.11333333333333329      0.7787224568946004
0.5                       0.11999999999999997      0.7656879734663525
0.5                       0.12666666666666662      0.7526502934845409
0.5                       0.13333333333333328      0.7396091103815474
0.5                       0.13999999999999996      0.7265644241573715
0.5                       0.1466666666666666       0.7135159250260674
0.5                       0.15333333333333327      0.7004632846867508
0.5                       0.15999999999999995      0.6874065031394212
0.5                       0.1666666666666666       0.6743452472401021
0.5                       0.17333333333333328      0.6612791609963173
0.5                       0.17999999999999994      0.6482082444080662
0.5                       0.1866666666666666       0.6351321350184219
0.5                       0.19333333333333327      0.6220504416051803
0.5                       0.19999999999999998      0.6089631641683411
0.5                       0.2066666666666666       0.5958699031853308
0.5                       0.2133333333333333       0.5827702226128714
0.5                       0.21999999999999997      0.5696641224509622
0.5                       0.22666666666666663      0.5565511560365717
0.5                       0.23333333333333328      0.5434308299041217
0.5                       0.23999999999999996      0.5303031440536118
0.5                       0.24666666666666662      0.5171675913331131
0.5                       0.2533333333333333       0.5040236039107249
0.5                       0.25999999999999995      0.49087118178644695
0.5                       0.2666666666666666       0.4777097392287632
0.5                       0.2733333333333333       0.4645386106778424
0.5                       0.27999999999999997      0.4513577961336843
0.5                       0.2866666666666666       0.4381666061604125
0.5                       0.2933333333333333       0.42496424433426
0.5                       0.29999999999999993      0.4117507106552267
0.5                       0.3066666666666666       0.39852517606441257
0.5                       0.31333333333333324      0.3852866647491548
0.5                       0.31999999999999995      0.3720351767094531
0.5                       0.3266666666666666       0.35876968999265596
0.5                       0.33333333333333326      0.34548897557912595
0.5                       0.3399999999999999       0.33219303346886275
0.5                       0.34666666666666657      0.3188805672880916
0.5                       0.3533333333333333       0.3055499765706828
0.5                       0.36                     0.2922012613166361
0.5                       0.36666666666666664      0.27883271829171413
0.5                       0.3733333333333333       0.26544217674370263
0.5                       0.38                     0.25202963667260136
0.5                       0.3866666666666666       0.23859275843872055
0.5                       0.39333333333333326      0.22512843772219848
0.5                       0.39999999999999997      0.21163667452303506
0.5                       0.4066666666666666       0.19811405344020425
0.5                       0.4133333333333333       0.18455581679875083
0.5                       0.42                     0.17096196459867463
0.5                       0.42666666666666664      0.15732715746778606
0.5                       0.43333333333333335      0.14364321847033396
0.5                       0.44                     0.1299101476063182
0.5                       0.44666666666666666      0.11611866581929643
0.5                       0.4533333333333333       0.10225197339472243
0.5                       0.46                     0.08831007033259611
0.5                       0.4666666666666667       0.07427216779246058
0.5                       0.47333333333333333      0.0600928592464387
0.5                       0.48000000000000004      0.04577214469453039
0.5                       0.4866666666666667       0.03124881964610598
0.5                       0.4933333333333333       0.015991438081262528
0.5                       0.5                      0
